0 0 0 0 0 0 0 0 0 0 0 
0 0 0 0 0 0 0 0 0 0 0 
W 0 0 0 0 0 0 0 0 0 0 
W O 0 0 0 0 0 0 0 0 0 
W O C 0 0 0 0 0 0 0 0 
W O C G 0 0 0 0 0 0 0 
W O C G R 0 0 0 0 0 0 
W O C G R B 0 0 0 0 0 
W O C G R B P 0 0 0 0 
W O C G R B P Y 0 0 0 
W O C G R B P Y W 0 0 
W O C G R B P Y W O 0 
S S S S S S S S S S R  
0 0 0 0 0 0 0 0 0 0 0
0 0 0 0 0 0 0 0 0 0 0 
0 0 0 0 0 0 0 0 0 0 0
0 0 0 0 0 0 0 0 0 0 0 
0 0 0 0 0 0 0 0 0 0 0 
0 0 0 0 0 0 0 0 0 0 0 
0 0 0 0 0 0 0 0 0 0 0 
0 0 0 0 0 0 0 0 0 0 0 
0 0 0 0 0 0 0 0 0 0 0 
0 0 0 0 0 0 0 0 0 0 0 
0 0 0 0 0 0 0 0 0 0 0 
0 0 0 0 0 0 0 0 0 0 0 
0 0 0 0 0 0 0 0 0 0 0 
0 0 0 0 0 0 0 0 0 0 0 
0 0 0 0 0 0 0 0 0 0 0 
