0 0 0 0 0 0 0 0 0 0 0 
0 0 0 0 0 0 0 0 0 0 0 
0 0 0 0 0 0 0 0 0 0 0 
0 0 0 0 0 S 0 0 0 0 0 
0 0 0 B B S G G 0 0 0 
0 0 B B W W W G G 0 0 
0 B B B W W W G G G 0 
0 B B W W W W W G G 0 
0 S 0 S 0 S 0 S 0 S 0 
0 0 0 0 0 S 0 0 0 0 0 
0 0 0 0 0 S 0 0 0 0 0 
0 0 0 0 0 S 0 0 0 0 0 
0 0 0 0 0 S 0 0 0 0 0 
0 0 0 D 0 D 0 0 0 0 0 
0 0 0 D D D 0 0 0 0 0 
0 0 0 0 D 0 0 0 0 0 0  
0 0 0 0 0 0 0 0 0 0 0
0 0 0 0 0 0 0 0 0 0 0 
0 0 0 0 0 0 0 0 0 0 0 
0 0 0 0 0 0 0 0 0 0 0 
0 0 0 0 0 0 0 0 0 0 0 
0 0 0 0 0 0 0 0 0 0 0 
0 0 0 0 0 0 0 0 0 0 0 
0 0 0 0 0 0 0 0 0 0 0 
0 0 0 0 0 0 0 0 0 0 0 
0 0 0 0 0 0 0 0 0 0 0 
0 0 0 0 0 0 0 0 0 0 0 
0 0 0 0 0 0 0 0 0 0 0
