0 0 0 0 0 0 0 0 0 0 0 
0 0 0 0 0 0 0 0 0 0 0 
0 0 0 0 0 0 0 0 0 0 0 
G G G G G G G G G G G
0 0 0 0 0 0 0 0 0 0 0 
W W W D D D D D D D D
0 0 0 0 0 0 0 0 0 0 0 
R R R R R R R R R R R
0 0 0 0 0 0 0 0 0 0 0 
D D D D D D D D W W W
0 0 0 0 0 0 0 0 0 0 0 
P P P P P P P P P P P 
0 0 0 0 0 0 0 0 0 0 0 
B B B D D D D D D D D
0 0 0 0 0 0 0 0 0 0 0 
C C C C C C C C C C C
0 0 0 0 0 0 0 0 0 0 0 
D D D D D D D D C C C
0 0 0 0 0 0 0 0 0 0 0 
0 0 0 0 0 0 0 0 0 0 0 
0 0 0 0 0 0 0 0 0 0 0 
0 0 0 0 0 0 0 0 0 0 0 
0 0 0 0 0 0 0 0 0 0 0 
0 0 0 0 0 0 0 0 0 0 0 
0 0 0 0 0 0 0 0 0 0 0 
0 0 0 0 0 0 0 0 0 0 0 
0 0 0 0 0 0 0 0 0 0 0 
0 0 0 0 0 0 0 0 0 0 0 
