0 0 0 0 0 0 0 0 0 0 0 
0 0 0 0 0 Y 0 0 0 0 0 
0 0 0 0 0 P 0 0 0 0 0 
0 0 0 0 0 D 0 0 0 0 0 
0 0 0 0 0 D 0 0 0 0 0 
0 0 0 0 P D P 0 0 0 0 
0 G 0 0 D D D 0 0 G 0 
0 D 0 G D D D G 0 D 0 
0 D 0 R D D D R 0 D 0 
0 D R D D D D D R D 0 
0 D D D D D D D D D 0 
0 D D D D D D D D D 0
0 D D D D S D D D D 0 
0 D D D D S D D D D 0 
S S S S S S S S S S S 
0 0 0 0 0 0 0 0 0 0 0 
0 0 0 0 0 0 0 0 0 0 0 
0 0 0 0 0 0 0 0 0 0 0 
0 0 0 0 0 0 0 0 0 0 0 
0 0 0 0 0 0 0 0 0 0 0 
0 0 0 0 0 0 0 0 0 0 0 
0 0 0 0 0 0 0 0 0 0 0 
0 0 0 0 0 0 0 0 0 0 0 
0 0 0 0 0 0 0 0 0 0 0 
0 0 0 0 0 0 0 0 0 0 0 
0 0 0 0 0 0 0 0 0 0 0 
0 0 0 0 0 0 0 0 0 0 0 
0 0 0 0 0 0 0 0 0 0 0